29,5
29,3
28,4
28,1
28,3
26,4
26,1
26,3
25,4
3,2
3,1
3,3
10,241
10,21
10,24
10,170
10,212
10,171
10,236
10,10
10,2
10,3
11,28
11,6
11,19
11,7
11,15
11,2
11,3
9,7
9,6
9,1
9,4
9,2
9,3
8,4
8,14
8,5
8,7
8,2
8,3
0,317
12,2
12,1
12,3
19,2
19,1
19,3
73,3
73,2
73,1
73,0
72,3
72,2
72,1
72,0
71,3
71,2
71,1
71,0
70,3
70,2
70,1
70,0
69,3
69,2
69,1
69,0
68,3
68,2
68,1
68,0
67,3
67,2
67,1
67,0
66,3
66,2
66,1
66,0
61,3
61,1
60,3
60,1
58,3
58,1
57,6
57,5
57,4
57,3
57,1
44,3
44,1
42,8
42,7
42,6
42,5
42,4
42,3
42,1
41,3
41,1
39,3
39,1
38,3
38,1
37,3
37,1
34,3
34,1
33,3
33,1
32,3
